A = 2;
B = [1 -2;0 10];
C = [0 1;2 0];
D = [-2 1 2;0 1 0];

E = A * B>C
